	39,3	70,0	67,0		24,0
	42,0	68,0	65,5		31,0
	39,0	66,0	65,4		31,0
	36,0	64,0	65,5		31,0
	33,0	70,4	65,6		30,8
	30,0	76,8	65,7		30,5
	29,4	83,2	65,7		30,3
	28,8	89,6	65,8		30,0
	28,2	96,0	65,9		28,8
	27,6	88,0	66,0		27,5
	27,0	80,0	66,1		26,3
	27,3	72,0	66,2		25,0
	27,5	64,0	66,3		25,3
	27,8	56,0	66,4		25,5
	28,0	47,4	66,5		25,8
	29,0	46,6	66,6		26,0
	30,0	45,8	66,6		26,0
	31,0	45,0	66,7		26,0
	32	44,2	66,8		26,0
	32	43,4	66,9		26,0
	33	42,6	67,0		27,8
	34	41,8	67,1		29,5
	35	41,0	67,2		31,3
	36	40,2	67,3		33,0
	37	39,4	67,4		33,8
	37,0	38,6	67,4		34,5
	37,0	37,8	67,5		35,3
	37,0	37,0	67,6		36,0
	36,2	36,2	67,7		35,8
	35,4	35,4	67,8		35,5
	34,6	34,6	67,9		35,3
		33,8	68,0		35,0
		33,0	68,1		36,3
		33,0	68,2	55,0	37,5
		33,0	68,3	59,0	38,8
		33,0	68,3	63,0	40,0
		34,0	68,4	78,5	40,0
		35,0	68,5	94,0	40,0
		36,0	68,6	73,5	40,0
		37,0	68,7	53,0	40,0
		37,0	68,8	65,0	39,0
		37,0	68,9	73,5	38,0
		37,0	69,0	82,0	37,0
		37,0	69,1	64,5	36,0
		37,8	69,1	47,0	35,7
		38,5	69,2	60,0	35,4
		39,3	69,3	73,0	35,1
		40,0	69,4	76,5	34,9
		39,9	69,5	80,0	34,6
		39,7	69,6	88,5	34,3
		39,6	69,7	97,0	34,0
		39,5	69,8	110,5	32,6
		39,4	69,9	124,0	31,1
		39,2	70,0	125,5	29,7
		39,1	70,0	127,0	28,3
		39,0	70,1	72,5	26,9
		38,8	70,2	18,0	25,4
		38,7	70,3	25,0	24,0
		38,6	70,4	32,0	36,4
		38,5	70,5	53,5	36,7
		38,3	70,6	75,0	37,0
		38,2	70,7	74,8	37,3
		38,1	70,8	74,7	37,7
		37,9	70,9	74,5	38,0
		37,8	70,9	74,3	38,3
		37,7	71,0	74,2	38,6
		37,6	71,1	74,0	38,9
		37,4	71,2	74,0	39,2
		37,3	71,3	74,0	39,5
		37,2	71,4	60,5	39,8
		37,0	71,5	47,0	40,1
		36,9	71,6	37,5	40,4
		36,8	71,7	28,0	40,7
		36,7	71,7	23,0	41,0
		36,5	71,8	18,0	41,3
		36,4	71,9	20,8	41,6
		36,3	72,0	23,5	41,9
		36,1	72,1	26,3	42,2
		36,0	72,2	29,0	42,5
	90	35,9	72,3	31,0	42,8
	100	35,8	72,4	33,0	43,1
	91	35,6	72,5	31,0	43,4
	81	35,5	72,6	29,0	43,7
	70	35,4	72,6	28,5	44,0
	65	35,2	72,7	28,0	44,3
	60	35,1	72,8	58,0	44,7
	70	35,0	72,9	88,0	45,0
	80	34,9	73,0	59,5	45,3
	80	34,7	43,0	31,0	45,6
	80	34,6	47,3	34,0	45,9
	80	34,5	51,7	37,0	46,2
	80	34,3	56,0	38,5	46,5
	80	34,2	60,3	40,0	46,8
	70	34,1	64,7	43,0	47,1
	70	34,0	69,0	46,0	47,4
	68	33,8	76,0	34,0	47,7
	65	33,7	68,0	22,0	48,0
	63	33,6	68,1	29,0	46,9
	60	33,4	68,1	36,0	45,7
	60	33,3	68,2	34,0	44,6
	60	33,2	68,3	32,0	43,4
	50	33,1	68,4	32,5	42,3
	60	32,9	68,4	33,0	41,1
	60	32,8	68,5	32,5	40,0
	60	32,7	68,6	32,0	40,9
	60	32,5	68,6	32,8	41,7
	60	32,4	68,7	33,5	42,6
	60	32,3	68,8	34,3	43,4
	60	32,2	68,9	35,0	44,3
	60	32,0	68,9	33,5	45,1
	60	31,9	69,0	32,0	46,0
	65	31,8	69,0	30,5	46,0
	70	31,6	69,0	29,0	46,0
	65	31,5	69,0	29,0	46,0
	60	31,4	69,0	29,0	46,0
	45	31,3	69,0	31,0	46,0
	30	31,1	69,0	33,0	46,0
	20	31,0	69,0	31,0	46,0
	20	31,0	69,0	29,0	45,5
	55	31,0	57,5	27,5	45,0
	90	31,0	46,0	26,0	44,5
	67	28,5	34,5	31,5	44,0
	43	26,0	23,0	37,0	69,0
	20	23,5	29,9	31,5	59,2
	30	21,0	36,7	26,0	49,4
	40	18,5	43,6	26,0	39,6
	40	16,0	50,4	26,0	29,8
	40	12,7	57,3	23,0	20,0
	40	9,3	64,1	20,0	17,7
	40	6,0	71,0	20,0	15,3
	43	21,5	55,3	20,0	13,0
	47	37,0	39,7	23,7	11,7
	50	32,5	24,0	27,3	10,3
	45	28,0	31,3	31,0	9,0
	43,0	31,0	38,5	27,0	30,0
	44,0	34,0	45,8	23,0	28,2
	45,0	36,3	53,0	31,0	26,4
	46,0	38,7	49,0	39,0	24,6
	44	41,0	48,9	33,5	22,8
	43	42,0	48,7	28,0	21,0
	41	43,0	48,6	28,0	20,0
	39	48,0	48,4	28,0	19,0
	38	46,5	48,3	25,5	19,3
	36	45,0	48,1	23,0	19,7
	35	46,0	48,0	23,0	20,0
	33	46,0	47,9	23,0	19,5
	31	46,0	47,7	24,0	19,0
	30	45,0	47,6	25,0	17,0
	27,0	46,0	47,4	23,0	15,0
	30	44,0	47,3	21,0	15,5
	30	43,0	47,1	20,5	16,0
	30	42,0	47,0	20,0	16,0
	33	41,3	45,0	24,5	16,0
	35	40,7	43,0	29,0	16,5
	38	40,0	58,0	27,7	17,0
	32,0	40,0	55,3	26,3	19,0
	33,0	40,0	52,7	25,0	21,0
	33,0	40,0	50,0	24,5	22,0
	32,0	40,0	49,7	24,0	23,0
	40	40,7	49,3	23,5	21,5
	40	41,3	49,0	23,0	20,0
	40	42,0	50,0	23,0	20,7
	40	43,0	49,7	23,0	21,3
	40	43,0	49,3	19,0	22,0
	40	39,5	49,0	18,0	21,0
	40	36,0	49,5	19,5	22,3
	40	34,0	50,0	21,0	23,7
	40	36,0	49,3	26,0	25,0
	40	35,0	48,7	31,0	23,5
	40	35,0	48,0	25,5	22,0
	40	36,0	48,5	20,0	21,5
	40	40,0	49,0	18,0	21,0
	37,0	44,0	49,0	21,0	21,7
	43,0	52,0	48,0	28,0	22,3
	45,0	50,0	48,0	29,0	23,0
	43,0	47,0	48,0	31,0	23,5
	45,0	46,0	47,5	19,0	24,0
	45,0	47,0	47,0	21,0	24,5
	43,0	48,0	46,5	22,0	25,0
	41,0	48,5	46,0	31,0	23,5
	40,0	49,0	113,0	22,0	22,0
	39,0	50,0	44,0	19,0	22,0
	38,0	56,0	43,9	19,0	22,0
	41,0	58,0	43,7	19,1	22,0
	40,0	57,0	43,6	19,1	22,0
	40	56,0	43,4	19,1	22,0
	40,0	53,0	43,3	19,2	21,3
55	42,0	50,0	43,2	19,2	20,7
61	42,0	47,0	43,0	19,2	20,0
53	43,0	47,0	42,9	19,3	20,0
48	44,0	47,0	42,7	19,3	20,0
55	45,0	46,0	42,6	19,3	20,0
57	46,0	45,0	42,5	19,4	20,0
55	43,0	45,7	42,3	19,4	20,0
53	43,0	46,3	42,2	19,4	20,0
54	42,0	47,0	42,0	19,5	20,0
52	43,0	46,0	41,9	19,5	20,0
52	45,0	46,5	41,8	19,5	20,0
49	43,0	47,0	41,6	19,5	19,3
67	46,0	42,0	41,5	19,6	18,7
53	40	41,0	41,3	19,6	18,0
85	40	40,0	41,2	19,6	18,3
96	40	46,0	41,1	19,7	18,5
89	40	41,0	40,9	19,7	18,8
53	40	42,0	40,8	19,7	19,0
54	40	42,0	40,6	19,8	19,0
51	40	47,0	40,5	19,8	19,0
51	40	46,5	40,4	19,8	18,7
51	41	46,0	40,2	19,9	18,3
50	41	44,8	40,1	19,9	18,0
50	42	43,5	39,9	19,9	18,0
50	43	42,3	39,8	20,0	18,0
50	43	41,0	39,6	20,0	18,0
48	44	40,7	39,5	20,0	18,0
46	45	40,3	39,4	20,0	18,0
43	45	40,0	39,2	20,0	17,7
39	46	40,5	39,1	20,0	17,3
39	45,0	41,0	38,9	19,0	17,0
40	45,0	39,5	38,8	19,3	16,7
41	47,0	38,0	38,7	19,7	16,3
40	44,0	38,0	38,5	20,0	16,0
59	41,0	38,0	38,4	20,0	15,5
79	40,0	38,0	38,2	20,0	15,0
98	38,0	38,0	38,1	19,6	15,0
87	40,0	40,0	38,0	19,2	15,0
76	41,0	41,0	37,8	18,8	15,0
66	42,0	44,3	37,7	18,4	14,5
55	41,0	46,0	37,5	18,0	14,0
44	40,5	46,0	37,4	18,0	13,5
43	40,0	46,0	37,3	18,0	13,0
42	44,0	46,0	37,1	18,0	13,0
42	45,0	46,0	37,0	18,0	13,0
41	45,0	47,0	36,8	18,0	13,0
39	44,0	47,0	36,7	18,0	13,0
36	46,0	46,0	82,4	18,0	13,0
41	43,0	45,0	83,6	18,0	14,0
46	42,5	44,0	84,8	14,4	14,0
78	42,0	44,5	86,0	10,8	13,0
38	45,0	45,0	90,1	7,2	13,0
34	40,5	45,0	88,7	3,6	13,0
30	36,0	45,7	87,4	0,0	14,0
47	35,5	46,0	86,0	19,0	15,0
40	35,0	40,0	86,1	18,7	13,0
46	35,0	38,0	86,2	18,3	13,0
45	34,0	34,7	86,3	18,0	13,0
44	36,0	33,0	86,3	18,0	13,0
42	40,0	35,0	86,4	18,0	13,3
40	40,0	37,0	86,5	18,0	13,7
43	39,0	36,0	86,6	18,0	14,0
39	38,0	36,0	86,7	18,0	14,5
35	37,0	35,0	86,8	18,0	15,0
33	37,0	34,0	86,8	18,0	14,5
32	37,0	33,0	86,9	18,0	14,0
38	36,7	32,3	87,0	18,0	13,3
31	36,3	32,0	83,3	18,0	12,7
29	36,0	34,7	79,6	17,7	12,0
30	39,0	36,0	75,9	17,3	11,5
31	36,5	34,0	72,2	17,0	11,0
33	34,0	33,0	68,5	17,3	10,5
32	34,0	34,0	64,7	17,5	10,0
31	29,0	36,7	61,0	17,8	10,3
31	33,0	38,0	57,3	18,0	10,7
31	32,0	34,0	53,6	17,8	11,0
30	32,0	32,0	49,9	17,5	11,5
35	31,5	32,0	46,2	17,3	12,0
35	31,0	32,0	41,7	17,0	12,0
42	31,0	33,0	16,2		12,0
32	31,0	33,0	16,3		12,0
18	30,0	33,0	16,3		12,0
22	30,0	31,0	16,4		12,0
26	30,7	30,0	16,4		12,0
30	31,3	30,0	16,5		11,0
34	32,0	29,3	16,5		11,1
35	30,5	29,0	16,6		11,3
65	29,0	30,0	16,6		11,4
26	31,0	31,0	16,7		11,6
32	32,0	33,0	16,7		11,7
30	33,0	34,0	16,8		11,9
30	35,0	36,0	16,8		12,0
29	36,0	39,0	16,9		12,3
29	37,0	40,0	16,9		12,5
32	39,0	40,5	17,0		12,8
41	37,0	41,0	17,0		13,0
51	35,0	39,0	17,1		13,3
60	33,0	38,0	17,1		13,5
35	30,5	36,0	17,2		13,8
37	28,0	34,0	17,2		14,0
38	28,0	32,5	17,3		14,0
62	28,0	31,0	17,3		14,3
35	30,0	35,7	17,4		14,6
47	28,0	31,0	17,4		14,9
45	29,0	27,0	17,5	16,0	15,1
42	29,5	27,0	17,5	15,0	15,4
43	30,0	28,5	17,6	15,0	15,7
44	29,0	28,0	17,6	15,0	16,0
45	30,0	26,0	17,7	15,0	16,3
38	31,0	27,0	17,7	15,0	16,7
39	31,0	30,0	17,8	90,0	17,0
37	33,0	31,0	17,8	15,0	17,0
35	34,0	29,0	17,9	76,0	17,0
35	35,0	28,0	17,9	16,0	17,0
35	36,0	27,3	18,0	33,0	17,0
35	36,0	27,0	18,0	24,0	17,0
36	36,0	31,0	18,1	15,0	17,0
37	36,0	33,0	18,1	15,5	17,0
37	36,0	32,3	18,2	16,0	17,0
38	32,0	32,0	18,2	15,0	17,3
38	30,0	32,0	18,3	14,0	17,7
39	31,5	32,5	18,3	15,3	18,0
39	33,0	32,8	18,4	16,7	18,0
39	33,0	33,0	18,4	18,0	18,0
40	33,0	32,3	18,5	17,7	18,0
40	33,0	32,0	18,5	17,3	17,5
40	33,3	31,0	18,6	17,0	17,0
41	33,5	30,0	18,6	22,0	17,5
41	33,8	29,0	18,7	21,3	18,0
41	34,0	28,5	18,7	20,7	19,0
40	33,0	28,0	18,8	20,0	20,0
39	32,0	29,0	18,8	20,0	21,0
39	31,0	29,0	18,9	20,0	19,7
40	30,0	32,0	18,9	20,5	18,3
40	29,0	32,0	19,0	21,0	17,0
40	28,0	31,0	19,0	20,0	16,5
41	27,0	30,5	19,0	19,0	16,0
42	25,0	30,0	18,3	18,0	16,3
41	25,5	29,0	17,7	18,5	16,7
39	26,0	28,0	17,0	19,0	17,0
39	25,5	27,0	16,0	17,7	17,0
40	25,0	27,0	16,0	16,3	17,0
40	24,0	27,7	16,0	15,0	17,0
41	25,0	28,0	22,0	15,0	17,3
42	27,0	28,0	19,0	15,0	17,7
43	28,0	25,3	18,0	15,0	18,0
37	28,0	24,0	18,0	15,0	17,0
36	27,0	26,0	18,0	15,0	16,0
35	28,0	27,0	19,0	15,0	15,0
40	27,0	27,6	18,0	16,6	14,0
37	29,6	28,2	17,0	18,2	14,0
36	30,9	28,5	18,0	19,8	14,0
35	32,2	29,2	18,0	21,4	14,0
32	34,8	29,8	20,0	23,0	15,3
36	37,4	30,1	18,0	21,7	16,7
40	40,0	30,7	26,0	20,3	18,0
43	42,0	31,0	17,0	19,0	17,3
39	47,0	34,1	18,0	18,7	16,5
40	48,0	35,6	19,0	18,3	15,8
67	49,0	37,2	20,0	18,0	15,0
57	52,0	38,7	22,0	21,3	15,0
47	50,0	40,3	23,5	24,7	15,0
52	48,0	41,8	25,0	28,0	15,0
55	48,0	43,4	32,0	25,7	15,0
46	42,5	44,9	26,0	23,3	15,0
46	37,0	46,5	24,0	21,0	14,7
46	37,0	48,0	22,0	19,5	14,3
46	36,0	59,7	20,0	18,0	14,0
46	35,5	71,4	20,5	17,0	13,3
46	35,0	77,2	21,0	16,0	12,7
46	37,0	83,1	16,5	16,7	12,0
46	36,5	94,8	12,0	17,3	12,3
46	36,0	100,6	18,0	18,0	12,7
46	35,5	106,5	24,0	20,0	13,0
46	35,0	118,2	24,0	22,0	14,3
46	34,5	124,0	24,0	24,3	15,5
46	34,0	88,0	24,0	26,5	16,75
46	36,7	70,0	24,0	28,8	18
