	164	155		133,0	108,0	79,0	63,0	117,0
	168	160		152,0	110,0	78,0	60,5	121,4
	171	145		150,3	112,0	79,0	58,0	119,3
	175	143		148,7	114,0	80,0	57,0	119,6
	179	146		147,0	109,0	79,0	56,0	119,3
	183	110		146,0	104,0	78,0	55,0	112,6
	186	162		147,8	102,0	80,0	54,0	122,0
	190	161		149,6	106,0	87,0	55,0	124,8
	193	160		151,4	110,0	82,0	56,0	125,4
	192	108		153,2	108,0	86,0	57,0	117,4
	191	108		155,0	106,0	86,0	58,0	117,3
	176	108		154,3	106,0	87,0	58,5	115,0
	182	110		153,5	109,0	88,0	59,0	116,9
	175	112		152,8	112,0	90,0	59,5	116,8
	173	113		152,0	111,0	90,2	60,0	116,5
	147	115		159,0	110,0	90,5	59,0	113,4
	157	117		160,0	109,0	90,7	58,0	115,2
	180	119		161,0	108,0	90,9	57,0	119,2
	176	120		159,0	108,0	91,2	56,0	118,4
	179	122		157,0	108,0	91,4	57,0	119,1
		124		155,0	108,0	91,6	58,0	107,3
		126		155,3	108,8	91,8	59,0	108,1
		127		155,5	109,5	92,1	60,0	108,9
	129	129		155,8	110,3	92,3	59,3	112,6
	130	131		156,0	111,0	92,5	58,5	113,1
	140	133		153,0	111,8	92,8	57,8	114,6
	138	134		150,0	112,6	93,0	57,0	114,1
	145	136		147,0	113,3	84,0	57,0	113,7
	134	138		147,5	114,1	88,3	57,0	113,1
	128	140		148,0	114,9	92,7	57,0	113,3
		141		148,5	115,6	97,0	57,0	111,9
		143		149,0	108,0		60,0	115,0
	130	145		149,0	110,0		63,0	119,4
	137	147		147,3	112,0	151	66,0	126,6
	148	148		145,7	114,0	149	69,0	129,0
	150	150		144,0	109,0	147	66,3	127,7
	170	152		144,8	104,0	168,5	63,5	133,8
	180	154		145,5	102,0	190	60,8	138,6
	190	155		146,3	106,0	165	58,0	136,8
	192	157		147,0	110,0	140	63,0	134,8
	173	159		146,5	108,0	134	68,0	131,4
	160	161		146,0	106,0	147	73,0	132,1
	180	162		145,5	106,0	160	78,0	138,6
	181	164		145,0	109,0	153	80,0	138,7
	179	166		142,5	112,0	146	82,0	137,9
	178	168		140,0	111,0	149,5	84,0	138,3
	176	169		137,5	110,0	153	86,0	138,6
	182	171		135,0	109,0	152,5	88,0	139,6
	183	173		134,6	108,0	152	90,0	140,1
	184	175		134,2	108,0	151	92,0	140,6
	181	176		133,8	108,0	150	95,1	140,7
	183	178		133,4	108,0	151,5	98,3	142,0
	177	178		133,0	108,8	153	101,4	141,9
	172	179		132,6	109,5	164,5	104,6	143,7
	172	182		132,2	110,3	176	107,7	146,7
	180	190		131,8	111,0	166	110,9	148,3
	181	186		131,4	111,8	156	114,0	146,7
	183	188		131,0	112,6	151	115,0	146,7
	176	190		130,6	113,3	146	116,0	145,3
	182	192		130,2	114,1	151	117,0	147,6
	179	193		129,8	114,9	156	118,0	148,5
	175	195		129,4	115,6	156	119,0	148,4
	176	197		129,0	116,4	156	120,0	149,1
	178	197		128,6	117,1	156	121,0	149,6
	177	197		128,2	117,9	156	122,6	149,8
	178	201		127,8	118,7	156	124,1	150,9
	176	205		127,5	119,4	156	125,7	151,6
	175	207		127,1	120,2	156	127,3	152,1
	173	208		126,7	120,9	156	128,9	152,2
175	174	211		126,3	121,7	168	130,4	158,1
173	177	214		125,9	122,5	180	132,0	160,6
171	182	213		125,5	123,2	170	132,4	159,6
170	177	209		125,1	124,0	160	132,9	156,9
169	177	191		124,7	124,7	164	133,3	154,8
168	177	209		124,3	125,5	168	133,7	157,9
166	176	209		123,9	126,3	158,75	134,1	156,3
165	177	200		123,5	127,0	149,5	134,6	153,8
164	160	203		123,1	127,8	140,25	135,0	150,5
163	143	207		122,7	128,6	131	135,3	147,1
162	130	210	200	122,3	129,3	163	135,6	156,5
148	129	199	205	121,9	130,1	195	135,9	157,9
149	123	211	209	121,5	130,8	183	136,1	157,9
150	129	219	214	121,1	131,6	171	136,4	158,9
150	130	215	218	120,7	132,4	180	136,7	160,4
151	126	214	223	120,3	133,1	189	137,0	161,6
152	121	209	227	119,9	133,9	219	136,9	164,8
153	110	201	232	119,5	134,6	249	136,8	166,9
154	180	202	236	119,1	135,4	212	136,6	171,9
155	179	203	164	118,7	136,2	175	136,5	158,4
155	175	207	172	118,3	136,9	178	136,4	159,9
157	175	200	160	117,9	137,7	181	136,3	158,1
155	174	198	155	117,5	138,4	185	136,1	157,4
154	174	220	165	117,1	139,2	189	136,0	161,8
153	174	224	170	116,7	140,0	182	135,3	161,9
153	176	224	180	116,3	140,7	175	134,6	162,4
152	172	220	175	115,9	141,5	165,5	133,9	159,4
151	170	222	185	115,5	142,3	156	133,1	159,3
150	172	203	180	115,1	143,0	160,5	132,4	157,0
149	172	212	158	114,7	143,8	165	131,7	155,8
148	172	208	160	114,3	144,5	164,5	131,0	155,3
147	172	205	155	113,9	145,3	164	132,7	154,4
146	171	205	155	113,5	146,1	145,5	134,3	152,1
145	170	206	155	113,2	146,8	127	136,0	149,9
145	169	209	160	112,8	147,6	132,5	135,9	151,4
144	168	211	155	112,4	148,3	138	135,7	151,5
143	168	214	145	112,0	149,1	137,5	135,6	150,5
142	145	212	145	111,6	149,9	137	135,4	147,2
141	129	210	135	111,2	150,6	136,5	135,3	143,6
141	129	208	140	110,8	151,4	136	135,1	143,9
141		210	145	110,4	152,1	122,5	135,0	145,1
141		212	155	110,0	152,9	109	134,4	144,8
141		218	139	109,6	153,7	127,5	133,9	146,0
140		211	140	109,2	154,4	146	133,3	147,7
140	69	206	132	108,8	155,2	123	132,7	133,4
140		204	138	108,4	156,0	100	132,1	139,8
140		203	145	108,0	156,7	115	131,6	142,8
141	176	203	155	107,6	157,5	130	131,0	150,1
141	175	202	160	107,2	158,2	106	130,8	147,5
141	173	201	163,0	106,8	133,6	82	130,5	141,3
141	177	200	168,0	106,4	109,0	50	130,3	135,2
142	178	199	173,0	106,0	117,3	18	130,0	132,9
142	178	198	110	106,0	125,7	39	127,0	128,2
142	180	197	110	106,0	134,0	60	124,0	131,6
141	179	196	110	106,0	142,3	62	121,0	132,2
141	177	195	115	106,0	150,7	64	118,0	133,3
141	175	194	120	106,0	159,0	64	115,0	134,2
141	177	208	125	106,0	159,5	64	109,3	136,2
140	171	210	160,0	106,7	160,0	61,5	103,7	139,2
140	168	206	160,0	107,3	159,7	59	98,0	137,3
140	168	206	160,0	108,0	159,4	59	103,0	137,9
140	169	206	129,5	109,5	159,1	59	108,0	135,0
139	169	205	99,0	111,0	158,9	60	113,0	131,9
139	171	205	96,0	111,5	158,6	61	102,0	130,5
139	155,5	204	100	112,0	158,3	62	101,2	129,0
150	140	204	80	110,5	158,0	62	100,4	125,6
161	161	207	80	109,0	157,7	62	99,6	129,6
168	148	205	80	108,3	157,4	60,5	98,8	128,2
171	145	213	81,0	107,7	157,1	59	98,0	128,9
175	146	220	82,0	107,0	156,9	59	95,5	130,1
178	146	184	83,0	107,5	156,6	59	93,0	126,0
182	147	203	81,0	108,0	156,3	57	88,0	127,8
168	148	191	82,0	112,0	156,0	55	83,0	124,3
154	148	179	82,0	111,0	156,2	69,5	78,0	122,3
140	149	183	81,5	110,0	156,4	84	80,0	123,0
142	150	184	81,0	110,0	156,6	68	82,0	121,6
143	154	163	77,5	106,0	156,8	52	81,0	116,7
145	154	167	74,0	105,0	157,0	51	80,0	116,6
146	154	171	73,2	104,0	157,3	50	75,0	116,3
148	150	160	72,4	104,0	157,7	55	70,0	114,6
149	151	149	71,7	102,3	158,0	60	65,0	113,3
151	81	148	70,9	100,7	157,3	54	60,0	102,8
152	147	146	70,1	99,0	156,5	48	60,0	109,9
154	149	154	69,3	98,0	155,8	48	60,0	111,0
156	158	83	68,6	97,0	155,0	48	60,0	103,1
157	155	130	67,8	96,0	154,0	50	60,0	108,7
159	148	106	67,0	97,0	153,0	52	61,0	105,3
160		101	65,0	99,0	152,0	54	62,0	99,0
162		120	62,0	99,5	154,4	52	59,5	101,3
163		119	61,0	100,0	154,3	50	57,0	100,7
165		118	60	93,7	154,1	49	55,7	99,3
166		112	60	87,3	154,0	48	54,3	97,4
167		109	62,0	81,0	151,3	43	53,0	95,1
167		104	63,0	80,0	148,7	38	46,0	92,4
167	151	105	64,0	74,0	146,0	37	46,7	98,8
167		104	64,0	76,0	143,3	38	47,3	91,4
168	160	96	69,0	78,0	140,5	45,5	48,0	100,6
168	154	92	70	77,0	137,8	53	49,5	100,1
168	155	94	72	70,0	135,0	53,5	51,0	99,8
154	156	77	74	76,0	129,0	54	54,5	96,8
141	158	83	76	75,0	128,5	49	58,0	96,0
127	159	79	78	74,0	128,0	44	56,8	93,2
113	148	85	80	74,5	123,0	39	55,5	89,8
171	153	85	67,0	75,0	118,0	40	54,3	95,4
178	155	85	67,0	75,0	113,0	38	53,0	95,5
186	158	95	68,0	74,0	108,0	42	47,7	97,3
193	154	83	68,0	74,0	116,0	41	42,3	96,4
186	150	84	68,0	80,0	124,0	40	37,0	96,2
179	154	85	67,0	78,0	113,0	43	45,5	95,7
173	149	87	64,0	76,0	118,0	45	54,0	95,6
166	154	88	61,0	81,5	112,0	39	50,0	93,9
159	152	89	62,0	87,0	117,0	46	46,5	94,8
177	150	90	62,5	85,0	117,5	55	43,0	97,4
176	147	76	63,0	86,0	118,0	50,5	39,5	94,6
176	145	84	69,0	81,0	109,0	46	36,0	93,2
175	149	92	60,0	80,0	100,0	47,8	41,0	93,1
174	151	87	60,0	76,0	90,0	49,6	46,0	91,7
173	132	83	61,0	90,0	86,0	51,4	51,0	90,9
173	145	78	62,0	104,0	82,0	53,2	55,3	94,0
172	141	90	63,2	94,0	78,0	89,3	59,7	98,4
172	142	114	64,4	101,0	74,0	56,8	64,0	98,5
171	153	113	65,6	98,0	70,0	58,6	56,3	98,2
185	113	97	66,8	97,0	66,0	60,5	48,7	91,7
184	137	107	68,0	95,0	67,8	62,3	41,0	95,2
183	144	117	65,0	87,7	69,5	64,1	61,3	98,9
181	151	104	70,0	80,3	71,3	65,9	81,7	100,7
180	156	130	62,0	73,0	73,0	67,7	102,0	105,5
179	151	124	67,0	73,0	72,0	69,5	97,3	104,1
189	149	129	73,0	89,5	71,0	71,3	92,7	108,1
187		85	72,0	106,0	73,3	73,1	88,0	97,7
185		112	74,0	105,0	75,7	74,9	86,0	101,7
182	147	104	76,0	94,5	78,0	76,7	84,0	105,3
180		106	79,0	84,0	75,0	78,5	82,0	97,8
186		112	82,0	98,0	72,0	80,3	80,0	101,5
192		153	60	100,0	66,0	82,1	82,5	105,1
179		105	70	99,0	68,0	83,9	85,0	98,6
167	145	130	70	97,0	70,0	85,7	86,7	106,4
154	156	125	70	100,0	62,0	87,5	88,3	105,3
141	151	120	70	88,0	60,8	89,4	90,0	101,3
144	131	115	70	76,0	59,5	91,2	71,5	94,7
146	122	110	70	79,8	58,3	93,0	53,0	91,5
149	147	119	70	83,5	57,0	94,8	61,7	97,7
176		151	80	87,3	62,0	96,6	70,3	103,2
202	148	162	70	91,0	61,4	98,4	79,0	114,0
202		151	80	98,0	60,8	100,2	79,7	110,1
201	143	139	80	105,0	60,3	102,0	80,3	113,9
201	139	124	86	109,0	60,5		81,0	114,4
203	141	121	95,0	104,0	60,8		81,3	115,2
206	147	117	97,0	103,0	61,0		81,7	116,1
208	146	115	100,0	86,0	61,3		82,0	114,0
205	119	128	105,0	101,0	61,6		98,5	116,9
202	130	121	102,0	74,0	61,8		115,0	115,1
201	139	114	99,0	47,0	62,1		113,3	110,8
201	122	125	103,0	76,5	62,4		111,7	114,4
200	153	135	107,0	106,0	62,6		110,0	124,9
200	162	146	109,0	96,0	62,9		111,5	126,7
199	154	157	112,0	90,0	63,2		113,0	126,9
199	159	167	115,5	91,5	63,4		111,0	129,5
198	159		119,0	93,0	63,7		109,0	123,6
200	154	178	118,0	84,0	63,9		115,5	130,5
203	170	186	117,0	76,0	64,2		122,0	134,0
205	166	192	120,0	67,0	64,5		121,7	133,7
207	167	196	123,0	63,0	64,7		121,3	134,6
217	168	158	125,0	69,0	65,0		121,0	131,8
226	166	149	119,0	69,0	65,3		119,0	130,5
224	176	139	128,0	69,0	65,5		117,0	131,1
222	179	128	129,0	108,0	65,8		115,0	135,2
220	148	114	129,5	88,5	66,1		113,0	125,5
218	167	176	130,0	69,0	66,3		111,0	133,8
216	188	168	123,0	78,0	66,6		104,0	134,7
213	182	182	126,0	91,0	66,9		97,0	136,9
211	176	170	129,0	96,0	67,1		121,0	138,6
209	183	120	121,5	101,0	67,4		118,3	131,5
207	183	175	114,0	101,0	67,6		115,7	137,6
205	155	168	129,0	101,0	67,9		113,0	134,1
205	199	161	131,0	100,0	68,2		112,3	139,5
204	195	169	134,0	98,0	68,4		111,7	140,1
204	192	190	129,0	99,0	68,7		111,0	142,0
204	186	162	115,0	100,0	69,0		110,0	135,1
204	181	178	120,0	104,0	69,2		109,0	137,8
203	177	184	125,0	104,0	69,5		102,0	137,8
203	196	188	130,0	104,0	69,8		95,0	140,8
203	187	179	134,0	105,0	70,0		100,3	139,7
202	187	159	137,0	106,0	70,3		105,7	138,2
202	181	155	139,0	107,0	70,5		111,0	137,9
202	199	177	141,0	108,0	70,8		111,5	144,2
202	196	172	139,0	107,0	71,1		112,0	142,6
201	193	166	146,0	107,0	71,3		112,0	142,4
201	198	184	143,5	107,0	71,6		112,0	145,3
201	188	178	141,0	107,5	71,9		111,7	142,7
200	182	174	141,0	108,0	72,1		111,3	141,3
200	187	168	139,0	107,6	72,4		111,0	140,7
200	186	162	141,0	107,2	72,7		111,0	139,9
199	180	156	140,0	106,8	72,9		111,0	138,0
199	174	183	137,0	106,4	73,2		111,8	140,7
199	175	166	130,5	106,0	73,4		112,7	137,5
199	181	168	124,0	105,6	73,7		113,5	137,8
198	207	146	136,0	105,2	74,0		114,3	140,1
198	173	154	137,0	104,8	74,2		115,2	136,6
198	239	162	139,0	104,4	74,5		116,0	147,5
197	247	170	140,0	104,0	74,0		114,1	149,5
197	238	178	141,0	105,0	73,6		112,3	149,3
197	242	186	142,0	106,0	73,1		110,4	150,9
197	239	149	143,0	107,0	72,7		108,5	145,1
196	233	184	141,5	108,0	72,2		106,6	148,8
196	247	182	140,0	107,0	71,8		104,8	149,8
195	243	180	144,0	107,0	71,3		102,9	149,1
194	240	178	144,0	108,0	70,9		101,0	148,0
193	236	174	144,0	109,0	70,4		99,1	146,6
185	233	171	147,0	110,0	70,0		97,3	144,6
176	229	167	151,0	110,0	69,5		95,4	142,6
168	226	152	151,0	110,0	69,1		93,5	138,5
178	222	162	152,0	110,0	68,6		91,6	140,7
188	219	173	150,0	110,0	68,2		89,8	142,4
198	215	183	150,0	110,0	67,7		87,9	144,5
198	211	149	150,0	110,0	67,2		86,0	138,8
198	208	159	149,0	110,0	66,8		84,3	139,3
198	204	169	148,0	110,0	66,3		82,5	139,7
198	201	182	145,0	109,0	65,9		80,8	140,2
198	197	187	143,0	108,0	65,4		79,0	139,7
198	194	168	144,0	106,0	65,0		77,3	136,0
200	190	166	145,0	107,0	64,5		75,5	135,4
201	192	164	146,0	103,5	64,1	169,0	73,8	139,3
203	194	163	147,0	100,0	63,6	166,0	72,0	138,5
201	191	161	145,0	101,0	63,2	167,5	71,7	137,7
199	178	159	146,0	102,0	62,7	169,0	71,3	135,9
197	198	146	144,0	103,0	62,3	169,5	71,0	136,4
196	202	171	144,0	104,0	61,8	170,0	70,0	139,8
194	189,5	165	146,0	104,5	61,4	167,0	69,0	136,9
192	177	158	149,0	105,0	60,9	164,0	67,7	134,2
190	178	156	149,0	106,0	60,4	162,5	66,3	133,5
195	179	127	150,0	106,0	60,0	161,0	65,0	130,4
185	167	153	149,0	105,0	59,5	159,3	64,3	130,3
195	178	149	145,0	105,5	59,1	157,7	63,7	131,6
185	178	144	146,0	106,0	58,6	156,0	63,0	129,6
194	167	140	148,0	105,5	58,2	159,0	62,3	129,3
191	178	150	149,0	105,0	57,7	162,0	61,7	131,8
193	185,5	152	148,0	104,0	57,3	158,5	61,0	132,3
195	193	153	145,0	103,0	56,8	155,0	63,7	133,1
192	193	155	148,0	104,0	56,4	158,3	66,3	134,0
188	180	156	149,0	105,0	55,9	161,7	69,0	133,1
195	184	158	149,0	93,0	55,5	165,0	67,0	133,2
196	182	159	149,0	95,7	55,0	164,7	65,0	133,3
193	188	161	148,0	98,3	54,6	164,3	65,5	134,0
195	190	162	149,0	101,0	54,1	164,0	66,0	135,1
198	181	125	149,0	101,0	53,6	164,0	66,3	129,7
191	188	125	149,0	101,0	53,2	163,3	66,7	129,6
196	190	125	150,0	103,0	52,7	162,7	67,0	130,8
202	194	132	147,0	103,0	52,3	162,0	68,0	132,5
202	198	133	147,0	102,3	51,8	164,0	69,0	133,4
200	198	134	146,0	101,7	51,4	166,0	70,0	133,4
198	185	145	142,0	101,0	50,9	168,0	71,5	132,7
195	178	132	145,0	100,0	50,5	170,0	73,0	130,4
195	176	137	144,0	100,0	50,0	162,3	73,7	129,8
191	190	147	140,0	98,0	50,7	154,7	74,3	130,7
190	185	142	139,0	96,0	51,4	147,0	75,0	128,2
200	139	134	142,0	95,7	52,0	152,0	74,3	123,6
200	149,25	132	145,0	95,3	52,7	157,0	73,7	125,6
199	160	123	148,0	95,0	53,4	156,0	73,0	125,9
199	170	121	149,0	95,0	54,1	155,0	75,0	127,2
198	180	124	149,0	94,0	54,7	154,0	77,0	128,8
198	174	127	148,0	93,0	55,4	149,0	79,0	127,9
197	171	129	147,0	94,0	56,1	144,0	81,3	127,4
199	181	118	147,0	95,5	56,7	139,0	83,5	127,5
200	173	115	148,0	97,0	57,4	134,0	85,8	126,3
201	180	128	149,0	98,0	58,1	126,0	88,0	128,5
209	178	134	149,0	97,0	58,8	126,0	87,3	129,9
206	178	111	148,0	96,0	59,4	115,0	86,7	124,9
202	176	110	148,0	95,5	60,1	104,0	86,0	122,7
207	177	109	148,0	95,0	60,8	93,0	86,3	122,0
206	179	105	148,0	95,4	61,4	62,5	86,7	118,0
205	174	112	148,0	95,8	62,1	32,0	87,0	114,5
205	176	118	144,0	96,1	62,8	51,3	87,5	117,5
204	178	129	146,0	96,5	63,5	70,7	88,0	121,9
203	178	106	148,0	96,9	64,1	90,0	88,5	121,8
202	178	101	150,0	97,3	64,8	90,3	89,0	121,6
201	174	95	151,0	97,6	65,5	90,7	89,7	120,6
200	163	96	151,0	98,0	66,1	91,0	90,3	119,5
200	172	97	151,0	99,2	66,8	89,3	91,0	120,7
199	171	96	152,0	100,4	67,5	87,7	93,5	120,9
198	170	105	153,0	101,6	68,2	86,0	96,0	122,1
197	167	113	154,0	102,8	68,8	86,7	96,3	123,2
196	170	113	152,0	104,0	69,5	87,3	96,7	123,6
195	157	113	150,0	105,2	65,0	88,0	97,0	121,3
195	158	113	148,0	106,4	65,0	84,0	97,3	120,8
194	157	113	149,0	107,6	72,0	80,0	97,7	121,3
193	160	113	148,0	108,8	71,0	77,5	98,0	121,2
197	167	113	147,0	110,0	70,0	75,0	99,0	122,3
198	173	113	146,0	108,0	70,0	74,3	100,0	122,8
198	179	113	145,5	106,0	71,0	73,7	101,0	123,4
190	193	113	145,0	102,0	70,5	73,0	103,5	123,8
198	184	113	144,5	98,0	70,0	70,5	106,0	123,0
200	175	113	144,0	94,0	68,0	68,0	108,5	121,3
169	166	113	141,3	90,0	76,0	66,8	111,0	116,6
201	162	113	138,5	86,0	67,0	65,5	111,6	118,1
170	159	113	135,8	97,0	75,0	64,3	112,1	115,7
