	61	75		71	61,0		19,0	18,3
	67	101		71	61,3		20,5	18,7
	72	60		71	61,7		22,0	19,1
	78	60		71	62,0		21,8	19,6
	83	60		71	62,0		21,5	20,0
	89	82		56	62,0		21,3	20,3
	94	59		58	65,0		21,0	20,7
	100	58		60	68,0		21,0	21,0
	102	57		62	71,0		21,0	21,3
	104	61		64	70,0		21,0	21,7
	99	61		66	69,0		21,0	22,0
	103	61		65	68,0		20,8	21,8
	102	61		63	69,0		20,5	21,6
	102	61		62	70,0		20,3	21,4
	100	61		60	68,5		20,0	21,2
	89	61		60	67,0		20,0	21,0
	90	61		59	65,5		20,0	20,8
36	102	61		59	64,0		20,0	20,7
36	105	61		59	64,0		20,0	20,5
37	102	61		58	64,0		22,0	20,3
37	97	61		58	64,0		24,0	20,2
38	89	61		58	64,8		26,0	20,0
38	98	61		58	65,7		28,0	20,0
38	115	61		58	66,5		27,3	20,0
39	117	61		58	67,3		26,5	20,0
39	116	61		59	68,2		25,8	20,0
40	118	61		61	69,0		25,0	20,0
40	130	61		54,0	69,9		24,5	20,0
40	123	61		54,8	70,7		24,0	20,0
41	127	61		55,6	71,5		23,5	20,0
41	131	61		56,4	72,4		23,0	19,7
41	136	61	61	57,2	73,2	59,0	24,0	19,3
42	140	61	73	58,0	74,0	97,5	25,0	19,0
42	160	62	85	58,0	74,9	136,0	26,0	18,7
43	155	62	85	57,5	75,7	154,0	27,0	18,3
43	157	62	85	57,0	76,5	172,0	29,0	18,0
43	160	62	85	56,5	77,4	181,0	31,0	18,4
44	170	62	85	56,0	78,2	190,0	33,0	18,8
44	174	62	85	55,8	79,0	170,0	35,0	19,2
45	169	62	85	55,5	79,9	150,5	34,0	19,6
45	160	62	73	55,3	80,7	131,0	33,0	20,0
45	159	62	85	55,0	81,6	92,0	32,0	20,4
45	160	62	85	54,5	82,4	53,0	31,0	20,8
45	158	62	85	54,0	83,2	59,5	30,1	21,2
45	163	62	85	53,5	84,1	66,0	29,3	21,6
45	167	62	80	53,0	84,9	69,0	28,4	22,0
45	172	62	75	52,8	85,7	72,0	27,6	22,0
45	149	62	71	52,7	86,6	86,5	26,7	22,0
45	119	62	66	52,5	87,4	101,0	25,9	22,0
45	108	62	61	52,4	88,2	100,5	25,0	22,0
46	141	62	73	52,2	89,1	100,0	24,7	22,0
46	104	62	85	52,1	89,9	109,5	24,4	22,2
47	123	62	82	51,9	90,7	119,0	24,1	22,3
47	154	62	78	51,7	91,6	83,5	23,9	22,5
48	185	62	75	51,6	92,4	48,0	23,6	22,7
49	167	62	71	51,4	93,3	43,5	23,3	22,8
49	159	62	68	51,3	94,1	39,0	23,0	23,0
50	147	82	64	51,1	94,9	35,0	23,0	23,2
50	134	102	61	51,0	95,8	31,0	23,0	23,3
50	119	122	73	50,8	96,6	40,0	23,0	23,5
51	144	143	85	50,6	97,4	49,0	23,0	23,7
51	151	163	82	50,5	98,3	58,0	23,0	23,8
52	147	183	78	50,3	99,1	67,0	23,0	24,0
52	150	203	75	50,2	99,9	76,0	23,0	24,8
53	124	74	71	50,0	100,8	85,0	23,3	25,6
54	152	85	68	49,9	101,6	85,0	23,6	26,4
54	154	84	64	49,7	102,4	85,0	23,9	27,2
55	144	79	61	49,5	103,3	65,0	24,1	28,0
55	154	116	73	49,4	104,1	45,0	24,4	28,4
56	144	83	85	49,2	105,0	34,0	24,7	28,8
56	145	86	81	49,1	105,8	23,0	25,0	29,2
57	147	84	77	48,9	106,6	18,5	25,7	29,6
57	147	81	73	48,8	107,5	14,0	26,4	30,0
57	146	87	69	48,6	108,3	22,3	27,1	30,3
58	146	95	65	48,4	109,1	30,5	27,9	30,7
58	142	75	61	48,3	110,0	38,8	28,6	31,0
58	139	71	73	48,1	110,8	47,0	29,3	31,3
59	138	71	85	48,0	111,6	42,0	30,0	31,7
59	137	72	60	47,8	112,5	37,0	29,3	32,0
59	123	72	61	47,7	113,3	49,5	28,6	32,6
63	127	74	73	47,5	114,1	62,0	27,9	33,2
63	120	78	85	47,3	115,0	48,5	27,1	33,8
64	113	79	85	47,2	115,8	35,0	26,4	34,4
64	110	86	85	47,0	116,7	50,5	25,7	35,0
65	105	92	85	46,9	117,5	66,0	25,0	35,2
65	100	77	85	46,7	118,3	48,0	25,1	35,3
66	99	79	85	46,6	119,2	30,0	25,3	35,5
66	133	78	85	46,4	120,0	32,5	25,4	35,7
66	136	79	73	46,2	120,6	35,0	25,5	35,8
67	134	80	85	46,1	121,1	34,5	25,6	36,0
68	134	81	85	45,9	121,7	34,0	25,8	34,3
68	137	73	85	45,8	122,3	35,5	25,9	32,5
68	135	74	85	45,6	122,9	37,0	26,0	30,8
69	127	62	80	45,5	123,4	33,5	26,6	29,0
69	131	60	75	45,3	124,0	30,0	27,1	28,2
69	134	64	71	45,1	125,0	30,0	27,7	27,3
69	130	80	66	45,0	126,0	30,0	28,3	26,5
70	127	81	61	44,8	125,9	31,0	28,9	25,7
70	127	80	73	44,7	125,9	32,0	29,4	24,8
70	126	78	85	44,5	125,8	33,0	30,0	24,0
71	122	75	82	44,4	125,7	34,0	29,3	23,6
71	124	75	78	44,2	125,6	35,5	28,7	23,2
71	124	72	75	44,0	125,6	37,0	28,0	22,8
71	120	70	71	43,9	125,5	34,8	28,3	22,4
72	117	71	68	43,7	125,4	32,5	28,6	22,0
72	118	74	64	43,6	125,4	30,3	28,9	21,3
72	117	71	61	43,4	125,3	28,0	29,1	20,7
72	69	71	73	43,3	125,2	32,0	29,4	20,0
74	63	69	85	43,1	125,1	36,0	29,7	19,6
75	66,5	72	82	42,9	125,1	32,0	30,0	19,2
76	70	72	78	42,8	125,0	28,0	30,3	18,8
77	71	72	75	42,6	124,2	33,5	30,6	18,4
79	72	74	71	42,5	123,4	39,0	30,9	18,0
82	70	74	68	42,3	122,6	33,0	31,1	17,0
83	83	68	64	42,2	121,8	27,0	31,4	16,0
84	95	70	61	42,0	121,0	27,0	31,7	15,0
84	108	70	73	42,0	119,0	27,0	32,0	14,0
85	110	71	85	42,0	117,0	23,5	30,3	13,7
86	112	72	81	42,0	115,0	20,0	28,5	13,3
86	114	73	77	41,5	113,0	28,0	26,8	13,0
91	112	74	73	41,0	111,0	36,0	25,0	12,7
88	108	75	69	40,5	109,0	29,0	25,4	12,3
85	90	76	65	40,0	107,0	22,0	25,8	12,0
83	103	77	61	39,5	99,4	42,0	26,2	11,0
80	101	78	73	39,0	91,9	62,0	26,6	10,0
77	95	79	85	38,7	84,3	43,5	27,0	9,0
74	66	80	60	38,3	76,7	25,0	25,7	8,0
72	60	65	35	38,0	69,1	27,5	24,3	8,0
69	63	64	36	34,5	61,6	30,0	23,0	8,0
66	61	65	37	31,0	54,0	25,7	20,0	8,0
63	56	64	35	27,5	47,7	21,3	17,0	7,6
61	52	69	32	24,0	41,3	17,0	14,0	7,2
58	51	64	30	23,5	35,0	15,5	9,0	6,8
55	50	63	26	23,0	32,0	14,0	8,8	6,4
37	50	60	21	22,7	29,0	15,5	8,6	6,0
21	50	63	24	22,3	26,0	17,0	8,4	6,0
23	49	63	26	22,0	23,0	27,5	8,2	6,0
26	39	58	29	22,5	25,0	38,0	8,0	6,0
28	39	59	15	23,0	23,5	27,0	8,5	7,0
30	38	59	18	26,0	22,0	16,0	9,0	8,0
32	38	55	20	29,0	22,3	17,0	10,7	9,0
32	38	57	21	32,0	22,5	18,0	12,3	10,0
27	37	58	23	31,0	22,8	18,5	14,0	10,0
31	37	55	25	30,0	23,0	19,0	14,0	10,0
34	39	52	26	33,0	30,5	16,5	14,0	10,0
34	38	50	27	35,0	38,0	14,0	13,5	11,0
34	40	47	27	39,0	35,0	20,0	13,0	12,0
30	41	41	31	36,0	35,0	26,0	13,0	13,0
33	41	34	31	35,0	36,0	23,0	13,0	14,0
35	40	30	30	34,0	37,0	20,0	13,0	15,0
36	65	29	28	31,0	39,0	23,0	13,0	15,5
36	45	23	27	28,0	41,0	26,0	14,0	16,0
42	46	20	26	25,0	42,5	28,3	15,0	17,0
44	48	26	25	26,0	44,0	30,7	15,0	18,0
46	47	33	23	28,0	46,0	33,0	15,0	19,0
42	47	31	22	29,5	47,2	31,0	14,5	19,7
50		34	24	31,0	48,3	29,0	14,0	20,3
54		33	24	31,0	49,5	31,0	16,0	21,0
55		34	24	31,0	50,7	33,0	18,0	22,3
65		34	24	31,0	51,8	32,0	18,7	23,7
64		35	25	31,0	53,0	31,0	19,3	25,0
66		36	25	33,0	53,5	27,0	20,0	26,0
68		37	23	29,0	54,0	30,0	20,0	27,0
70	53	36	23	25,0	54,5	35,0	22,0	28,0
73		38	24	23,0	55,0	40,0	24,0	26,0
75	54	41	24	22,0	51,5	40,5	26,0	24,0
77	54	40	25	22,0	48,0	41,0	25,5	22,0
79	54	38	28	23,0	48,3	34,0	25,0	22,0
78	53	45	31	23,0	48,7	27,0	24,5	22,0
76	53	44	34	26,0	49,0	24,0	24,0	22,0
75	52	46	37	29,0	50,0	19,0	26,5	23,3
84	51	48	40	30,0	51,0	68,0	29,0	24,7
93	52	52	32	35,0	52,0	74,0	31,5	26,0
88	53	50	36	36,0	52,0	73,0	34,0	25,0
89	55	63	38	36,0	50,0	26,0	33,7	24,0
90	55	76	43	39,5	55,0	29,0	33,3	23,0
90	55	62	47	43,0	58,3	27,0	33,0	22,3
89	55	66	49	45,0	61,5	33,0	36,0	21,7
89	54	68	51	47,0	64,8	30,0	39,0	21,0
87	54	70	53	49,0	68,0	33,0	40,0	23,8
82	54	76	58	54,0	59,0	33,0	40,5	26,5
76	50	78	56	59,0	59,2	33,0	41,0	29,3
62	45	80	53	60,0	59,5		42,0	32,0
52	41	82	57	69,0	59,7		43,0	30,0
57	39	90	56	71,5	59,9		40,3	28,0
61	40	91	56	74,0	60,2		37,7	26,0
66	41	92	56	74,0	60,4		35,0	26,3
70	42	92	64	73,0	60,6		33,7	26,7
74	44	95	67	71,0	60,8		32,3	27,0
79	47	116	71	69,0	61,1		31,0	26,3
83	51	109	75	66,0	61,3		31,7	25,7
88	54	115	79	65,3	61,5		32,3	25,0
92	60	118	83	64,7	61,8		33,0	24,5
95	66,5	120	93	64,0	62,0		34,3	24,0
98	73	130	106	54,0	62,2		35,7	23,0
102	82	137	102	50,5	62,5		37,0	22,0
105	92	135	104	47,0	62,7		37,0	21,0
112	100	120	114	46,0	62,9		37,0	20,0
113	102	143	113	44,0	63,1		37,0	21,0
114	111	146	118	42,0	63,4		34,5	22,0
115	91	134	122	41,0	63,6		32,0	23,0
116	102	56	125	41,0	63,8		29,5	23,5
116	97	121	127	40,0	64,1		27,0	24,0
116	101	152	130	40,0	64,3		27,5	25,0
114	101	160	133	41,0	64,5		28,0	26,0
112	106	161	135	42,5	64,8		28,7	29,3
112	107	163	138	44,0	65,0		29,3	32,7
112	109	166	140	45,3	65,2		30,0	36,0
111	111	168	143	46,5	65,4		30,0	36,7
111	112	170	146	47,8	65,7		30,0	37,3
110	110	163	148	49,0	65,9	103,0	32,3	38,0
102		162	151	43,0	66,1	115,5	34,7	40,0
94	104	164	154	37,0	66,4	128,0	37,0	42,0
92		156	156	37,0	66,6	139,0	34,3	44,0
91	111	148	159	39,0	66,8	150,0	31,7	42,5
89	114	146	161	41,0	67,1	106,0	29,0	41,0
87	115	147	164	42,0	67,3	120,7	31,7	40,0
84	115	141	155	45,0	67,5	135,3	34,3	39,0
82	119	134	153	46,0	67,7	150,0	37,0	39,5
82	115	114	172	48,0	68,0	157,0	40,0	40,0
82	125	112	163	53,0	68,2	164,0	43,0	40,0
82	126	111	154	58,0	68,4	160,8	41,7	40,0
90	128	110	155	61,0	68,7	157,6	40,3	41,7
98	125	107	157	65,0	68,9	154,4	39,0	43,3
103	130	105	156	71,5	69,1	151,2	42,0	45,0
107	132	102	159	78,0	69,4	148,0	45,0	46,5
116	136	100	163	82,0	69,6	146,3	49,0	48,0
125	139	97	166	86,0	69,8	144,7	53,0	50,5
126	144	97	166	89,0	70,0	143,0	55,0	53,0
128	144	97	166	95,0	70,3	141,3	57,0	51,7
129	141	98	153	97,0	70,5	139,7	59,0	50,3
126	136	98	157	99,5	70,7	138,0	61,0	49,0
124	142	100	176	102,0	71,0	144,5	63,0	47,5
121	140	105	171	107,0	71,2	151,0	64,0	46,0
121	147	117	171	110,0	61,5	141,7	65,0	45,5
121	147	112	174	113,0	66,2	132,3	73,0	45,0
121	154	122	178	114,0	70,9	123,0	70,0	47,7
121	152	102	182	115,0	75,6	113,7	67,0	50,3
122	149	120	169	113,5	82,2	104,3	90,5	53,0
122	148	125	180	112,0	82,8	95,0	114,0	53,0
122	156	130	190	114,0	83,4	94,1	77,0	53,0
122	159	134	152	117,0	84,0	93,3	76,3	53,0
122	162	160	155	112,0	83,3	92,4	75,7	52,5
122	167	160	140	105,0	82,5	91,6	75,0	52,0
121	161	159	138	97,0	81,8	90,7	78,0	53,0
119	165	154	144	95,0	81,0	89,9	81,0	54,0
120	155	146	152	91,0	80,3	89,0	84,0	55,0
122	155	150	159	78,0	79,5	89,5	81,5	57,7
123	154	140	163	65,0	78,8	90,0	79,0	60,3
124	150	134	166	60,5	78,0	89,0	82,5	63,0
125	152	135	170	56,0	77,3	88,0	86,0	65,0
127	149	135	152	56,0	76,5	87,0	88,7	67,0
128	154	136	158	56,0	75,8	86,0	91,3	69,0
129	157	129	162	56,0	75,0	85,3	94,0	70,0
130	160	115	166	56,5	79,2	84,7	88,5	58,5
132	166	106	170	57,0	83,4	84,0	83,0	47,0
133	159	97	158	57,0	87,7	83,8	73,0	46,0
134	162	82	151	57,0	91,9	83,5	63,0	45,0
136	158	73	144	57,0	96,1	83,3	51,0	43,0
137	154	71	148	57,0	100,3	83,0	39,0	41,0
138	163	69	132	61,0	104,5		27,0	42,5
139	153	70	142	63,0	108,7		27,5	44,0
141	149	70	141	64,0	113,0		28,0	45,0
142	156	113	141	57,5	117,2		27,9	46,0
143	158	70	137	51,0	121,4		27,9	47,0
145	159	65	132	57,0	125,6		27,8	48,0
146	177	67	104	49,0	60,3		27,7	49,0
147	172	68	101	41,0	60,2		27,7	50,5
148	165	76	100	42,0	60,2		27,6	52,0
150	162	83	100	43,0	60,1		27,5	52,0
151	168	91	95	44,0	60,1		27,5	52,0
152	165	98	91	46,0	60,0		27,4	52,5
153	152	80	86	51,0	59,9		27,3	53,0
155	174	69	84	54,0	59,9		27,3	54,7
156	188	61	81	56,7	59,8		27,2	56,3
157	187	96	77	59,3	59,8		27,1	58,0
158	185	116	77	62,0	59,7		27,1	59,0
159	184	100	76	62,2	59,6		27,0	60,0
159	183	84	75	62,3	59,6		25,7	60,7
158	181	68	75	62,5	59,5		24,4	61,3
158	180	127	74	62,7	59,5		23,1	62,0
157	179	129	72	62,8	59,4		21,9	60,0
155	178	132	75	63,0	59,3		20,6	58,0
154	176	134	74	63,0	59,3		19,3	58,5
153	175	58	73	63,0	59,2		18,0	59,0
151	174	70	73	59,0	59,2		18,0	54,0
150	172	81	72	56,0	59,1		19,0	49,0
151	171	83	72	48,0	59,0		20,0	47,0
152	170	65	73	47,0	59,0		21,0	45,0
153	168	75	72	46,0	58,9	78,0	22,0	43,0
162	167	80	71	42,3	58,9	76,0	23,0	41,0
171	171	85	70	38,7	58,8	76,5	24,0	44,0
180	174	90	67	35,0	58,7	77,0	25,0	47,0
171	176	95	64	34,0	58,7	77,5	26,7	47,5
162	178	100	62	32,5	58,6	78,0	28,3	48,0
152	178	102	59	31,0	58,6	82,0	30,0	50,5
142	172	103	57	33,0	58,5	86,0	29,5	53,0
132	147,5	95	56	35,0	58,4	86,0	29,0	49,5
143	123	87	55	37,0	58,4	86,0	29,3	46,0
154	108	82	54	37,0	58,3	83,0	29,7	45,0
156	93	80	55	37,0	58,3	80,0	30,0	44,0
161	89	77	56	38,0	58,2	77,0	31,3	38,0
161	89	68	55	39,0	58,1	83,0	32,7	32,0
162	85	60	54	41,5	58,1	89,0	34,0	31,0
148	90	51	55	44,0	58,0	86,5	35,3	30,0
129	94	53	55	44,0	58,0	84,0	36,7	29,5
124	96	52	54	44,0	57,9	76,0	38,0	29,0
119	98	52	52	39,0	57,8	68,0	42,7	28,5
116	104	51	49	40,0	57,8	60,0	47,3	28,0
112	96	51	48	41,0	57,7	60,0	52,0	31,0
110	91	50	49	42,0	57,7	60,0	42,0	34,0
108	88	50	50	40,5	57,6	60,0	32,0	31,0
103	86	49	50	39,0	57,5	50,0	32,5	28,0
107		49	49	39,0	57,5	48,0	33,0	26,0
105	76	48	49	39,0	57,4	46,0	33,7	24,0
106	73	48	50	38,7	57,4	44,0	34,3	22,0
105	72	49	51	38,3	57,3	44,5	35,0	22,0
104	70	46	49	38,0	57,2	45,0	36,7	22,0
105	69	46	48	39,0	57,2	44,0	38,3	22,0
103	67	45	45	38,0	57,1	43,0	40,0	22,0
102	70	49	46	37,0	57,1	42,3	41,0	21,3
100	99	47	46	38,0	57,0	41,7	42,0	20,7
100	85	47	43	36,7	50,0	41,0	38,3	20,0
90	72	47	40	35,3	67,0	39,5	34,7	21,0
80	86	45	40	34,0	59,0	38,0	31,0	22,0
89	86	45	40	34,0	51,0	34,7	28,0	21,0
60	79,6	44	39	33,0	48,0	31,3	25,0	20,0
90	73,2	44	39	32,0	46,0	28,0	22,0	19,3
90	66,8	44	39	33,0	47,0	25,0	21,0	18,7
96	60,4	44	38	35,5	48,0	24,2	20,0	18,0
90	54	43	38	38,0	36,0	23,4	19,0	33,0
93	58	44	39	39,0	37,0	22,6	19,0	48,0
97	55	41	39	36,0	46,0	21,8	19,0	33,5
82	55	40	40	33,0	34,0	21,0	19,0	19,0
91	56	39	39	33,0	37,0	21,0	19,0	18,0
92	59	43	38	33,0	35,0	21,0	18,3	17,0
91	60	39	38	32,8	36,5	21,0	17,7	16,0
89	57	39	37	32,5	38,0	22,5	17,0	16,5
91	59	38	33	32,3	34,0	24,0	17,3	17,0
90	58	37	32	32,0	32,0	22,0	17,7	17,7
89	59	39	39	31,8	35,0	20,0	18,0	18,3
88	63	40	39	31,5	40,0	18,0	18,0	19,0
87	66	41	40	31,3	28,0	18,3	18,0	19,0
87	64	35	46	31,0	26,0	18,7	18,0	19,0
86	61	37	49	30,9	26,0	19,0	18,0	18,5
85	54	42	50	30,8	26,0	19,7	18,0	18,0
84	57	50	51	30,7	26,0	20,3	18,0	18,0
83	59	57	52	30,6	35,0	21,0	18,0	18,0
82	59,5	51	53	30,5	30,0	20,0	17,5	18,3
81	60	48	55	30,4	25,0	19,0	17,0	18,7
80	48,5	46	56	30,3	42,0	18,0	16,3	19,0
80	37	46	56	30,2	25,0	18,0	15,7	18,0
79	54	46	58	30,1	24,0	18,0	15,0	17,0
78	55	46	58	30,0	25,0	17,5	14,3	16,0
77	50	46	59	32,0	26,0	17,0	13,7	15,0
76	45	46	60	34,0	26,5	16,7	13,0	15,7
76	52	46	59	37,4	27,0	16,3	13,3	16,3
76	62	46	52	40,9	27,0	16,0	13,7	17,0
76	60	46	45	44,3	27,0	17,0	14,0	19,7
77	79	46	37	47,7	26,5	18,0	14,8	22,3
77	69	46	30	51,1	26,0	18,3	15,5	25,0
79	60	46	44	54,6	9,4	18,5	16,3	27,3
80	50	46	57	58,0	19,9	18,8	17,0	29,5
73	58	46	71	59,5	30,5	19,0	17,4	31,8
68	67	46	71	61,0	41,0	20,5	17,9	34,0
								0,0
